# x y Cf
0.04276388755929555 0.06356556861711357 -7.490305597749076e-05
0.0332272197474035 0.0464048575148447 5.489757479981662e-06
0.04832943775882318 0.03799302181036906 7.648519645172773e-05
0.06326602268098154 0.03073779662338421 -0.0004285934373756168
0.06739054964049444 0.0269898872199461 -0.00010477936600927875
0.07465658066274587 0.01626466884529217 0.0008238438806884038
0.07660775307689469 0.01104437306879618 0.0007641332622482074
0.07779692838209128 0.005599704515728495 0.0003944887276465724
0.07815773161604739 -0.001817316543405341 5.485397046001178e-06
0.07299266376766034 -0.01949606863865545 0.0003637595759240324
0.06869550509015264 -0.02555220766066108 -0.0002755839837928688
0.0647621273625294 -0.02950025730032107 -0.000300275706798375
0.06030740026776515 -0.03284898406007216 -0.001077784609359678
0.05872201224623478 -0.03381991329602371 -0.0011923736195542543
0.05709225787431717 -0.03471437303988962 -0.0009765999835591377
0.05371451517243328 -0.03626603972395559 -0.00017016364552131216
0.05197415418742954 -0.03691972333053082 -0.000316934051102485
0.05020468513322063 -0.0374899309873329 -0.0007186906753935714
0.04841011551193194 -0.03797539582415126 -0.0008223291733746979
0.04659450074871872 -0.03837502119181638 -0.0003321541027406026
0.04476194045990555 -0.03868788115484954 0.000708909299360625
0.04106259222822374 -0.03905070100038476 0.003411477405885782
0.0392041678823387 -0.03909985971367359 0.004562676628395266
0.03734550757143083 -0.03906061142774211 0.005450530699843342
0.03549081466558211 -0.03893305307143092 0.006097005211431964
0.03181007738878976 -0.03841441105310851 0.006796980228486176
0.02999235773064849 -0.03802447036198644 0.00689567806772039
0.02642274895181671 -0.03698778874565389 0.006668905710799834
0.02467892578294952 -0.03634339841365394 0.006369310395537206
0.0212929661235993 -0.034809744871696 0.005459364209591542
0.01806792542873962 -0.03296152056688918 0.00422525671759978
0.01503298224681096 -0.03081537691891334 0.002783959272415512
0.006285174856966845 -0.02126020489420191 -0.002040075274130408
0.004414604365619548 -0.01804807451598938 -0.002852651469250982
0.002857522257900208 -0.01467282465727422 -0.003236282554861442
0.001627968848605174 -0.01116497425581786 -0.003138053712873696
0.001139618108146739 -0.009371187244292476 -0.002901560687168934
0.0004212849451338721 -0.0057241591407998 -0.0020642851403826
0.0001929063854338941 -0.00387916574954884 -0.001476146818952331
3.715759961701779e-07 -0.000167057565479412 -1.644386489545432e-05
0.0003737770984357588 0.005393438845063324 0.002603987753563134
0.00106093352703043 0.009046469258067052 0.004308258634942198
0.002091866108723892 0.01261774277269358 0.005527573864036678
0.002733467311930074 0.01436259362075018 0.005706970896045456
0.003457264975454637 0.01607498180921493 0.005309936058614546
0.004261644904234816 0.01775102853981628 0.004473939386915608
0.005118832334056953 0.01943119745211363 0.004158086084503602
0.008635223554445109 0.02610611957064 0.007385511866532802
0.01242751415010598 0.03262757549417115 0.00978259046760362
0.01770420762625004 0.04044102676627263 0.012222338373033381
0.02363912034760315 0.04776628085227682 0.0143235871004763
0.02885514542407597 0.05321522293646556 0.015645352546840394
0.03445624798895486 0.05826760669966152 0.016566055170825496
0.04193582911527939 0.06400735561950383 0.017172923889848403
0.04832587972692123 0.06818926940941658 0.017252283211256866
0.05611419408811015 0.07257157145324583 0.01696439047089495
0.06587533521034071 0.07717347429902713 0.016298119454783315
0.1266732729257711 0.09241218332941833 0.010882410759841941
0.1793062895712234 0.09530077013388079 0.006945473027203948
0.2032346417643243 0.09514644933414897 0.006722973839658798
0.2117339898587441 0.09495067176705572 0.006496660844552578
0.2581032333418144 0.09215324744689607 0.004671284441683954
0.2889286523063009 0.08923439218084046 0.003906579283388574
0.3567078053717327 0.08168243973732783 0.002987260139238476
0.4565948443542798 0.06951968856030251 0.002289062476511266
0.9694031190419137 0.003941412459140006 0.0009043310373034418
0.9889687389773781 0.001421178244630541 0.0009258776436256234
0.9964097252760367 0.0004627131567309691 0.0011074669809813652
0.99820673288432 0.0002312005004618359 0.0013175655760859263
0.9991910520319729 0.0001043590734837622 0.0016309343514974571
0.999751597840673 3.209277336096525e-05 0.002140587170106048
1.0 0.0 0.00296276751106508
1.000175570344442 -0.0003873748714666402 -0.0007331902544534668
0.9999361185511577 -0.0004959023699215505 0.008659718621007185
0.9996297267405945 -0.000456535816824477 0.007355613923448616
0.999039047920008 -0.0003804987101077882 0.00666339865975267
0.9976974643155097 -0.0002077232855182258 0.00597884279573205
0.9958589617720149 2.909655168354372e-05 0.005537713550330318
0.9894974877848076 0.0008486392223196442 0.00499683301592507
0.9763814569182623 0.002538361569031684 0.004630244339792308
0.9076252478663309 0.01139458185905065 0.00387386270301527
0.6469580977353171 0.04489502959157916 0.00241912394509005
0.5338234109222841 0.05930804868788935 0.0013982687254335613
0.468715778144382 0.06750438704698408 0.0003543146735410334
0.4047377992866207 0.0754159191024797 -0.0009780189748020292
0.3677534071070601 0.07987434616211128 -0.002030172351450874
0.2986548580999721 0.08772078502814058 -0.004599280878719982
0.2773623986528947 0.08988862416845661 -0.005113680899771088
0.2670749342797846 0.09085981280457657 -0.005208437747751682
0.2472404119045495 0.0925291412707685 -0.004988841818438576
0.237700137204438 0.09320459962989104 -0.004674488674257146
0.2193869169365694 0.09418446720371103 -0.003633045552383154
0.2106187027457731 0.09448229827809655 -0.002856229566245596
0.2021120932873841 0.09466535260951009 -0.0018243984739640291
0.18588626433171 0.09479362983589781 0.0004778349305169992
0.1781651575110249 0.09480029283794308 0.0008614761575344938
0.1565453765113058 0.0943433883278578 0.000433684342034735
0.1371926332586585 0.09304091952856827 0.0007608862155223732
0.1049056581150844 0.0884277941269339 0.0005783583684360126
0.08772421797878553 0.08431213223263931 0.0010117873864341426
0.07686484046880157 0.08091124513785357 0.001067302452619815
0.06477532213063705 0.07619793801987683 0.0008009974026476422
0.04571639419151958 0.06586873418008751 3.101420874588672e-06
